
power = 2757.07722255307
throughput = 13748.38
composite = 6156.73170968202
